#  
#   VizieR Astronomical Server vizier.u-strasbg.fr
#    Date: 2021-03-03T14:02:04 [V1.99+ (14-Oct-2013)]
#   In case of problem, please report to: cds-question@unistra.fr
# 
#   
#Coosys J2000: eq_FK5 J2000 
#INFO votable-version=1.99+ (14-Oct-2013) 
#INFO -ref=VIZ603f966d8445 
#INFO -out.max=1000 
#INFO queryParameters=12 
#-oc.form=sexa
#-out.max=1000
#-out.add=_r
#-out.add=_RAJ,_DEJ
#-sort=_r
#-nav=cat:J/other/Nat/563.365&tab:{J/other/Nat/563.365/gl699rv}&key:source=J/other/Nat/563.365/gl699rv&HTTPPRM:&&-ref=VIZ603f966d8445&-out.max=50&-out.form=HTML Table&-out.add=_r&-out.add=_RAJ,_DEJ&-sort=_r&-order=I&-oc.form=sexa&-meta.foot=1&-meta=1&-meta.ucd=2&-file=.&-meta=1&-usenav=1&-bmark=POST&
#-source=J/other/Nat/563.365/gl699rv
#-order=I
#-out=Inst
#-out=BJD
#-out=RV
#-out=e_RV
#

#RESOURCE=yCat_1038056301
#Name: J/other/Nat/563.365
#Title: Barnard's star radial velocity curve (Ribas+, 2018)
#Table J_other_Nat_563_365_gl699rv:
#Name: J/other/Nat/563.365/gl699rv
#Title: Time-series measurements of radial velocity
#---Details of Columns:
    Inst       (a9)    Instrument (1) [ucd=meta.id;instr]
    BJD (d)    (F13.5) Barycentric Julian Date of the mid-time of the observation [ucd=time.epoch]
    RV (m/s)   (F6.3)  Radial velocity [ucd=phys.veloc;pos.heliocentric]
    e_RV (m/s) (F6.3)  1-sigma uncertainty in the radial velocity [ucd=stat.error]
--------- ------------- ------ ------
                        RV     e_RV  
Inst      BJD (d)       (m/s)  (m/s) 
--------- ------------- ------ ------
APF       2456504.74478  0.779  1.933
APF       2456505.75973  3.029  1.879
APF       2456506.72339  6.789  1.727
APF       2456515.70705 -1.491  1.612
APF       2456516.72684  0.939  1.647
APF       2456517.70281 -1.591  1.727
APF       2456518.70861 -0.351  2.313
APF       2456534.71420  2.149  1.825
APF       2456535.69127  1.909  1.578
APF       2456536.72949  7.039  2.797
APF       2456539.66626  1.749  1.595
APF       2456540.68557  2.479  1.718
APF       2456541.66840  0.039  1.604
APF       2456548.69265  3.699  1.906
APF       2456562.72661  2.879  2.454
APF       2456563.62771 -4.651  2.136
APF       2456573.67039 -3.701  1.961
APF       2456574.69136 -2.221  1.630
APF       2456577.63772  2.599  1.544
APF       2456581.63796  5.249  1.320
APF       2456583.61821  0.119  1.304
APF       2456589.62140  0.199  1.344
APF       2456590.62567  0.389  1.328
APF       2456591.60706 -1.831  1.376
APF       2456934.66769 -0.631  2.052
APF       2456936.66247  0.169  1.682
APF       2456940.63251  1.189  2.219
APF       2456950.63293 -4.431  2.539
APF       2457114.92074  5.359  2.145
APF       2457122.94421 -4.241  1.888
APF       2457131.96928  8.329  3.737
APF       2457134.99881  9.719  3.221
APF       2457141.85884 -0.831  3.883
APF       2457144.84854 -2.821  2.247
APF       2457159.82916  2.889  2.108
APF       2457180.88168  8.389  1.442
APF       2457194.94059  5.869  1.476
APF       2457214.77317 -4.361  2.238
APF       2457223.79227  2.669  1.834
APF       2457228.90224  3.299  1.744
APF       2457237.91079  0.339  2.369
APF       2457263.68146  1.239  1.360
APF       2457478.00655  7.369  1.762
CARMENES  2457422.74583 -2.122  1.224
CARMENES  2457427.74276  0.424  1.113
CARMENES  2457440.70724  0.106  0.999
CARMENES  2457472.73042  4.741  1.085
CARMENES  2457490.67893  2.547  1.415
CARMENES  2457494.69905  0.418  1.191
CARMENES  2457503.68467 -3.520  1.147
CARMENES  2457509.59042  0.179  1.049
CARMENES  2457510.69213  2.522  1.218
CARMENES  2457532.57699  3.538  1.034
CARMENES  2457536.53529  4.696  1.709
CARMENES  2457537.66689  0.889  1.662
CARMENES  2457539.56390  2.635  1.007
CARMENES  2457544.66543  6.606  1.126
CARMENES  2457555.51262  1.105  1.561
CARMENES  2457572.50083 -0.863  1.139
CARMENES  2457591.42381 -0.321  1.176
CARMENES  2457596.39831  5.331  2.037
CARMENES  2457618.48114  2.126  2.044
CARMENES  2457622.39060  4.861  1.712
CARMENES  2457623.40066  6.317  2.217
CARMENES  2457625.35634  6.482  1.735
CARMENES  2457625.35752  4.793  1.528
CARMENES  2457626.36964  2.032  1.459
CARMENES  2457627.36360  0.228  3.576
CARMENES  2457628.34688  7.831  1.755
CARMENES  2457629.36767  4.348  1.772
CARMENES  2457630.35644  5.990  1.451
CARMENES  2457631.36804  2.354  1.600
CARMENES  2457632.32512 -2.247  1.611
CARMENES  2457633.33155  7.343  1.498
CARMENES  2457634.42148  3.539  1.484
CARMENES  2457635.37864  6.469  1.288
CARMENES  2457636.42886  5.059  1.681
CARMENES  2457643.30388  6.418  1.167
CARMENES  2457644.29437  7.488  1.070
CARMENES  2457646.31016  7.583  1.733
CARMENES  2457647.31032 13.800  3.214
CARMENES  2457650.33205  9.108  1.652
CARMENES  2457652.35731  6.492  1.770
CARMENES  2457655.37980  3.263  5.672
CARMENES  2457656.32277  6.415  1.495
CARMENES  2457657.33848 10.278  3.127
CARMENES  2457658.33931  7.304  2.040
CARMENES  2457659.28930  5.518  1.805
CARMENES  2457665.27337  2.084  1.338
CARMENES  2457678.29314  4.496  1.906
CARMENES  2457679.26984  8.660  1.569
CARMENES  2457684.30782 10.340  2.670
CARMENES  2457685.30894  7.129  2.080
CARMENES  2457689.25306  4.463  1.140
CARMENES  2457690.30058  8.350  1.300
CARMENES  2457691.25977 -0.214  1.046
CARMENES  2457692.26846  3.480  1.030
CARMENES  2457693.29754  6.027  0.938
CARMENES  2457694.28852  6.819  1.511
CARMENES  2457698.28881  8.541  3.914
CARMENES  2457704.25416  7.612  1.216
CARMENES  2457705.25250  4.350  1.425
CARMENES  2457706.25031  5.384  1.297
CARMENES  2457711.23879  1.530  1.247
CARMENES  2457712.25348  4.274  1.297
CARMENES  2457779.76495  0.940  1.199
CARMENES  2457788.74094  1.187  1.463
CARMENES  2457793.73070  5.360  2.082
CARMENES  2457793.73532  3.918  1.634
CARMENES  2457794.73572  8.478  1.871
CARMENES  2457794.73905  9.913  3.815
CARMENES  2457798.71735  0.114  1.214
CARMENES  2457799.70195  2.713  1.601
CARMENES  2457800.70456  2.436  1.375
CARMENES  2457806.68910  3.301  1.742
CARMENES  2457814.73879 -0.684  1.242
CARMENES  2457815.71841  1.290  1.573
CARMENES  2457817.65838  2.682  1.749
CARMENES  2457818.66736 -2.338  1.306
CARMENES  2457819.65009  0.536  1.479
CARMENES  2457822.73934  1.286  1.006
CARMENES  2457824.68069  2.071  1.382
CARMENES  2457828.63805  3.056  1.135
CARMENES  2457829.65410  1.674  1.451
CARMENES  2457830.69347  0.774  1.275
CARMENES  2457833.73334  2.459  0.972
CARMENES  2457834.67884  3.475  1.389
CARMENES  2457851.66443  6.066  1.455
CARMENES  2457852.69190  3.820  1.194
CARMENES  2457854.69313  3.961  1.056
CARMENES  2457855.62522  3.160  0.985
CARMENES  2457856.69821  4.316  0.934
CARMENES  2457857.66742  5.332  0.874
CARMENES  2457858.63555  6.318  1.250
CARMENES  2457859.63345  4.554  1.029
CARMENES  2457861.70316  5.610  1.021
CARMENES  2457862.69632  4.414  0.900
CARMENES  2457863.58777  4.171  2.312
CARMENES  2457863.62323  2.376  1.399
CARMENES  2457864.68101  4.870  1.056
CARMENES  2457866.60358  4.478  1.679
CARMENES  2457875.62334  6.582  0.999
CARMENES  2457876.55014  6.768  1.613
CARMENES  2457877.55772  6.228  0.920
CARMENES  2457878.63816  5.495  1.746
CARMENES  2457879.57104  5.793  1.870
CARMENES  2457880.66248  8.424  1.191
CARMENES  2457882.55744  8.514  0.991
CARMENES  2457883.60933  4.801  1.533
CARMENES  2457886.52586  5.360  2.436
CARMENES  2457887.55641  6.262  1.053
CARMENES  2457888.65782  4.788  1.238
CARMENES  2457889.59841  6.368  1.081
CARMENES  2457890.66322  7.630  1.013
CARMENES  2457891.66060  9.429  1.824
CARMENES  2457892.61353  2.753  1.203
CARMENES  2457893.59279  5.548  0.885
CARMENES  2457894.53536  3.194  1.391
CARMENES  2457896.59832  2.127  1.416
CARMENES  2457898.58642  5.247  1.303
CARMENES  2457905.50917  3.693  1.235
CARMENES  2457907.55252  3.532  1.441
CARMENES  2457909.63025  4.381  1.548
CARMENES  2457910.58502  2.572  1.716
CARMENES  2457911.66068  2.885  1.449
CARMENES  2457912.66960  4.905  1.475
CARMENES  2457914.52899  2.878  1.377
CARMENES  2457915.56292  2.818  1.178
CARMENES  2457916.52839  2.073  1.846
CARMENES  2457918.64233  3.063  1.689
CARMENES  2457919.64045  7.863  1.999
CARMENES  2457920.40067  5.914  2.124
CARMENES  2457921.54542  5.410  1.427
CARMENES  2457922.47817  4.122  1.175
CARMENES  2457924.47769  6.370  1.682
CARMENES  2457928.64736  3.789  1.126
CARMENES  2457931.58803  6.749  2.384
CARMENES  2457934.40387  0.892  4.058
CARMENES  2457934.41307  2.046  2.097
CARMENES  2457935.44095  6.123  1.352
CARMENES  2457936.49307  3.443  1.406
CARMENES  2457937.48209  4.136  1.507
CARMENES  2457939.47837  7.392  1.358
CARMENES  2457942.48064 10.535  1.530
CARMENES  2457943.46947  4.128  1.531
CARMENES  2457944.46180  4.573  1.528
CARMENES  2457945.46152  3.203  1.223
CARMENES  2457946.56893  3.135  1.210
CARMENES  2457947.43100  5.288  1.463
CARMENES  2457948.42767  4.417  1.241
CARMENES  2457949.53834  4.836  1.132
CARMENES  2457950.44782  3.758  1.293
CARMENES  2457951.44249  5.283  1.248
CARMENES  2457954.45745  2.972  1.551
CARMENES  2457955.43316  1.299  1.950
CARMENES  2457956.42950  6.170  1.487
CARMENES  2457958.44950  4.538  1.366
CARMENES  2457959.56201  4.992  1.651
CARMENES  2457960.41689  4.186  1.153
CARMENES  2457961.41980  3.536  1.030
CARMENES  2457962.42045  3.830  1.188
CARMENES  2457963.40703  2.740  1.375
CARMENES  2457964.41040  5.161  1.132
CARMENES  2457965.43537  3.608  1.322
CARMENES  2457968.40554  4.685  1.116
CARMENES  2457969.41863  3.765  1.356
CARMENES  2457970.40792  4.329  1.218
CARMENES  2457971.38739  4.664  1.226
CARMENES  2457976.39950  2.094  1.230
CARMENES  2457977.42131  4.672  1.420
CARMENES  2457979.45567  1.169  1.190
CARMENES  2457981.38588  4.557  1.289
CARMENES  2457982.45638  3.556  1.313
CARMENES  2457985.42535  5.333  1.431
CARMENES  2457986.43377  2.916  1.461
CARMENES  2457987.41038  4.559  1.276
CARMENES  2457989.33984  4.759  1.997
CARMENES  2457990.42957  2.077  1.356
CARMENES  2457999.31760  9.000  1.108
CARMENES  2458000.40965  2.677  1.165
CARMENES  2458001.44498  3.552  1.001
CARMENES  2458002.32490  4.849  0.951
CARMENES  2458005.31768  1.021  1.237
CARMENES  2458006.31435  3.044  1.331
CARMENES  2458007.31067  2.057  1.048
CARMENES  2458008.38176  1.337  1.072
CARMENES  2458009.33558  2.784  1.042
CARMENES  2458010.30820  4.247  1.093
CARMENES  2458017.33144  5.757  1.155
CARMENES  2458021.30619  5.239  1.081
CARMENES  2458022.28606  6.847  1.421
CARMENES  2458023.36574  1.900  1.404
CARMENES  2458027.34836  6.580  1.726
CARMENES  2458028.37702  3.418  1.900
CARMENES  2458030.37033  2.868  1.884
CARMENES  2458032.30739  4.474  1.758
CARMENES  2458048.26598  2.729  1.253
CARMENES  2458055.25871  5.180  1.352
CARMENES  2458056.26050  3.143  1.215
CARMENES  2458057.24052  4.515  1.044
CARMENES  2458058.25912  4.422  1.478
CARMENES  2458059.25442  4.070  1.304
CARMENES  2458060.25617  2.801  1.293
CARMENES  2458065.24278  5.909  1.263
HARPSN    2456841.51531 -0.484  1.220
HARPSN    2456842.59137 -1.084  1.547
HARPSN    2456843.54949  0.046  1.282
HARPSN    2457451.69878  2.030  0.963
HARPSN    2457452.73980  0.697  0.911
HARPSN    2457453.72041  3.034  0.943
HARPSN    2457454.72799  2.150  0.917
HARPSN    2457455.71491  1.444  0.901
HARPSN    2457626.41722  0.136  0.888
HARPSN    2457627.40667  3.577  0.904
HARPSN    2457628.40099 -0.286  0.926
HARPSN    2457629.43261  3.001  0.895
HARPSN    2457630.42285  1.058  0.912
HARPSN    2457632.42212  0.538  0.872
HARPSN    2457637.40532  4.570  0.882
HARPSN    2457638.41270  3.368  0.861
HARPSN    2457641.38606  5.299  0.889
HARPSN    2457642.39116  4.314  0.870
HARPSN    2457643.38008  8.176  0.884
HARPSN    2457645.39062  3.337  0.879
HARPSN    2457646.37725  4.436  0.876
HARPSN    2457977.45045  4.323  0.894
HARPSN    2457978.38943  2.476  1.001
HARPSN    2457979.41854  4.206  0.942
HARPSN    2457980.44251  4.161  0.871
HARPSN    2457981.45403  3.945  0.893
HARPSN    2457982.40379  4.114  1.003
HARPSN    2457983.45150  3.817  0.883
HARPSN    2458005.40038  4.131  0.888
HARPSN    2458006.39457  6.421  0.871
HARPSN    2458007.37694  3.798  0.919
HARPSN    2458008.38392  5.225  0.898
HARPSN    2458009.39680  4.056  0.941
HARPSN    2458010.37211  4.470  0.897
HARPSN    2458033.35064  1.614  0.999
HARPSN    2458034.35701  5.228  0.972
HARPSN    2458035.35506  3.290  0.931
HARPSN    2458036.38413  2.199  1.203
HARPSN    2458037.33595  3.312  0.921
HARPSN    2458038.36761  4.050  0.961
HARPSpost 2457934.65911  3.940  1.082
HARPSpost 2457935.68469  3.042  1.217
HARPSpost 2457936.65009  3.262  1.070
HARPSpost 2457937.67095  3.997  1.037
HARPSpost 2457942.59227  3.994  0.868
HARPSpost 2457943.57904  6.517  0.926
HARPSpost 2457944.56278  4.360  1.110
HARPSpost 2457945.60903  3.513  1.027
HARPSpost 2457946.73724  6.315  1.010
HARPSpost 2457948.68339  2.735  0.850
HARPSpost 2457949.68724  4.541  1.222
HARPSpost 2457951.67143  3.770  1.448
HARPSpost 2457952.65938  4.749  1.005
HARPSpost 2457953.71115  1.957  0.897
HARPSpost 2457954.65784  4.587  0.992
HARPSpost 2457955.67008  2.738  1.247
HARPSpost 2457956.69678  7.272  1.197
HARPSpost 2457958.77290  4.820  1.449
HARPSpost 2457959.65511  3.744  0.955
HARPSpost 2457960.67873  3.132  1.115
HARPSpost 2457961.66325  7.812  1.064
HARPSpost 2457962.64991  4.837  1.588
HARPSpost 2457964.66424  4.644  1.328
HARPSpost 2457965.64931  6.040  1.120
HARPSpost 2457966.63741  4.084  1.093
HARPSpost 2457967.56523  3.410  1.311
HARPSpost 2457968.49685  6.164  1.177
HARPSpost 2457969.63483  6.757  1.257
HARPSpost 2457970.49440  4.493  0.975
HARPSpost 2457971.48571  3.542  0.815
HARPSpost 2457972.48431  4.528  1.190
HARPSpost 2457973.49595  4.361  1.184
HARPSpost 2457974.48098  3.494  1.046
HARPSpost 2457979.63286  1.705  1.077
HARPSpost 2457980.63730  4.131  1.075
HARPSpost 2457981.62065  4.184  0.816
HARPSpost 2457984.52436  3.654  1.132
HARPSpost 2457985.52265  3.183  1.020
HARPSpost 2457986.53362  2.882  1.009
HARPSpost 2457987.54287  6.434  1.060
HARPSpost 2457990.50811  3.301  0.916
HARPSpost 2457991.52469  0.852  1.055
HARPSpost 2457992.52303  1.334  0.801
HARPSpost 2457993.50704  0.988  0.894
HARPSpost 2457994.49221  2.376  0.881
HARPSpost 2457995.49788  0.219  0.807
HARPSpost 2457996.49922  1.873  1.067
HARPSpost 2457997.51615  7.806  3.381
HARPSpost 2457998.52989  3.485  1.070
HARPSpost 2457999.49261  3.066  1.371
HARPSpost 2458000.52979  2.520  1.155
HARPSpost 2458001.53538  2.395  0.805
HARPSpost 2458002.52471  1.388  1.060
HARPSpost 2458007.54691  3.718  1.248
HARPSpost 2458008.61148  5.281  1.333
HARPSpost 2458010.53444  2.250  1.187
HARPSpost 2458011.58638  2.186  1.510
HARPSpost 2458012.59147  3.472  0.824
HARPSpost 2458013.55675  3.528  1.095
HARPSpost 2458017.48534  4.445  1.051
HARPSpost 2458018.52876  5.597  0.918
HARPSpost 2458019.49571  5.882  1.030
HARPSpost 2458020.49978  5.217  0.801
HARPSpost 2458021.47858  5.585  1.015
HARPSpost 2458022.47916  5.683  1.115
HARPSpost 2458023.48144  3.961  1.130
HARPSpost 2458025.48950  3.732  1.182
HARPSpost 2458026.49536  4.761  1.069
HARPSpost 2458027.49530  4.157  2.042
HARPSpre  2454194.89389  2.153  0.954
HARPSpre  2454196.88340  2.118  0.998
HARPSpre  2454197.89481  1.445  0.935
HARPSpre  2454198.89026  3.189  1.017
HARPSpre  2454199.91820  2.625  0.946
HARPSpre  2454200.92062  1.350  0.961
HARPSpre  2454202.91869  2.751  0.953
HARPSpre  2454227.84380  2.352  0.979
HARPSpre  2454291.59694 -1.489  1.043
HARPSpre  2454298.71451  0.411  1.011
HARPSpre  2454315.66130  1.284  1.268
HARPSpre  2454316.64730  0.320  1.023
HARPSpre  2454319.63797  0.565  0.942
HARPSpre  2454320.65025  0.297  0.940
HARPSpre  2454340.65059 -0.752  0.916
HARPSpre  2454343.55720 -0.571  0.900
HARPSpre  2454347.55814 -0.564  0.917
HARPSpre  2454385.52388  0.903  1.106
HARPSpre  2454389.50159  2.042  1.203
HARPSpre  2454523.88130  1.221  1.005
HARPSpre  2454551.90900 -0.503  0.950
HARPSpre  2454588.92100 -0.544  1.009
HARPSpre  2454948.80974  0.048  0.952
HARPSpre  2454951.82600 -1.431  1.034
HARPSpre  2454956.84293 -0.521  0.979
HARPSpre  2455054.65253 -0.990  1.026
HARPSpre  2455283.88004  0.607  0.922
HARPSpre  2455305.87912 -0.071  0.950
HARPSpre  2455388.58708 -1.961  0.967
HARPSpre  2455396.59812  0.014  1.102
HARPSpre  2455403.64732  1.367  1.121
HARPSpre  2455457.54186 -2.649  1.005
HARPSpre  2455485.49053 -0.360  1.117
HARPSpre  2455634.89240  0.264  0.996
HARPSpre  2455645.90336 -2.053  0.915
HARPSpre  2455660.83414  0.037  0.989
HARPSpre  2455672.84473  1.142  0.921
HARPSpre  2455674.84575  0.711  0.950
HARPSpre  2455675.83518  0.964  0.999
HARPSpre  2455676.83521 -1.222  0.994
HARPSpre  2455677.80103 -1.089  1.035
HARPSpre  2455678.84916 -1.918  1.025
HARPSpre  2455679.77930  0.128  0.948
HARPSpre  2455680.73132  2.961  1.039
HARPSpre  2455681.73245  1.621  0.938
HARPSpre  2455682.73167  0.274  0.976
HARPSpre  2455683.74012  0.668  0.947
HARPSpre  2455684.74219 -0.319  0.924
HARPSpre  2455685.72725 -0.767  0.966
HARPSpre  2455686.93832  1.266  0.979
HARPSpre  2455689.75555 -0.815  1.234
HARPSpre  2455690.81294 -1.097  0.975
HARPSpre  2455691.83830  1.554  1.008
HARPSpre  2455692.73336  0.081  0.992
HARPSpre  2455693.76708  1.775  1.007
HARPSpre  2455753.73939 -1.819  1.053
HARPSpre  2455754.66031  2.323  1.130
HARPSpre  2455769.53985  0.992  0.995
HARPSpre  2455776.51347  1.384  1.047
HARPSpre  2455777.57781 -0.133  1.007
HARPSpre  2455778.62275  2.767  1.407
HARPSpre  2455779.68807  1.075  1.043
HARPSpre  2455782.63985  2.430  1.340
HARPSpre  2455802.52366  1.231  1.112
HARPSpre  2455803.55551  2.067  1.052
HARPSpre  2455804.50618  3.664  1.268
HARPSpre  2455805.50187  0.065  0.979
HARPSpre  2455807.51110  1.404  0.993
HARPSpre  2455809.59444  0.056  0.966
HARPSpre  2455810.54670  3.589  0.954
HARPSpre  2455835.49884  0.307  1.074
HARPSpre  2455836.48135  1.716  0.955
HARPSpre  2455837.47876  4.263  0.979
HARPSpre  2455839.48260  1.318  0.961
HARPSpre  2455840.48460  2.640  0.959
HARPSpre  2455841.49425  1.986  1.053
HARPSpre  2455842.48476  1.577  0.969
HARPSpre  2455844.47820  1.360  1.116
HARPSpre  2455845.49424  1.592  0.969
HARPSpre  2455992.88068  0.097  1.051
HARPSpre  2455994.88511  0.914  1.151
HARPSpre  2456064.78310 -0.373  1.049
HARPSpre  2456078.76111  0.560  1.012
HARPSpre  2456079.69780  2.353  1.047
HARPSpre  2456080.76082  1.193  0.960
HARPSpre  2456081.76931  0.860  0.940
HARPSpre  2456082.73176  4.333  1.285
HARPSpre  2456083.70308  3.273  1.035
HARPSpre  2456085.75829  2.304  0.984
HARPSpre  2456087.76372  2.558  1.036
HARPSpre  2456088.80523  2.235  1.002
HARPSpre  2456089.68249  0.286  1.074
HARPSpre  2456094.77752  3.276  0.987
HARPSpre  2456102.58682  1.964  1.001
HARPSpre  2456117.54847  0.167  0.982
HARPSpre  2456357.90332 -0.987  1.037
HARPSpre  2456360.89397 -1.548  1.116
HARPSpre  2456361.89476 -0.462  1.139
HARPSpre  2456363.90598 -1.109  1.062
HARPSpre  2456364.89363 -4.017  1.126
HARPSpre  2456365.88752 -1.003  1.048
HARPSpre  2456367.90444 -3.113  1.084
HARPSpre  2456368.89255 -2.302  1.127
HARPSpre  2456369.90883 -4.145  1.044
HARPSpre  2456371.91332 -3.547  1.199
HARPSpre  2456372.90424 -2.735  1.033
HARPSpre  2456373.89783 -1.805  1.011
HARPSpre  2456417.93499  0.508  0.997
HARPSpre  2456418.90702 -1.379  1.043
HARPSpre  2456419.79731  0.073  0.814
HARPSpre  2456420.81350 -1.567  0.807
HARPSpre  2456421.92716  2.747  0.899
HARPSpre  2456422.92756 -1.578  1.133
HARPSpre  2456423.83528 -0.946  1.132
HARPSpre  2456424.66066 -0.935  1.210
HARPSpre  2456426.82344  0.144  0.812
HARPSpre  2456427.90900  0.775  1.307
HARPSpre  2456428.91321 -0.085  0.885
HIRES     2450602.01140 -0.747  1.269
HIRES     2450602.95647  0.929  1.192
HIRES     2450604.00170 -2.080  1.700
HIRES     2450604.96684 -3.643  1.340
HIRES     2450605.95574 -3.899  1.254
HIRES     2450606.99606 -5.112  1.298
HIRES     2450607.86098 -5.980  1.753
HIRES     2450609.02068 -6.850  1.861
HIRES     2450610.11484 -1.398  1.512
HIRES     2450665.83550 -2.460  1.552
HIRES     2450954.99624  1.120  2.210
HIRES     2450981.87418 -0.500  1.709
HIRES     2450982.88569 -1.320  1.595
HIRES     2450984.02388 -7.900  1.753
HIRES     2451009.86528 -1.540  1.700
HIRES     2451011.84227 -0.140  1.727
HIRES     2451012.82292  1.060  1.744
HIRES     2451013.82429  2.010  1.518
HIRES     2451050.80938  4.670  1.727
HIRES     2451051.82196 -0.090  1.762
HIRES     2451068.79946 -5.970  1.518
HIRES     2451069.81397 -2.890  1.544
HIRES     2451070.82905 -2.227  1.167
HIRES     2451071.79981 -2.971  1.237
HIRES     2451072.79029 -1.902  1.216
HIRES     2451073.82866 -3.414  1.103
HIRES     2451074.77500 -2.060  1.518
HIRES     2451228.15524 -3.890  1.753
HIRES     2451229.14388 -4.810  1.744
HIRES     2451311.03688 -3.170  2.388
HIRES     2451312.01389 -4.510  2.682
HIRES     2451313.04021 -6.210  2.379
HIRES     2451341.02147 -1.000  1.718
HIRES     2451341.90061  0.530  1.595
HIRES     2451367.84914  1.150  1.933
HIRES     2451368.83909  7.650  1.753
HIRES     2451370.00729  2.090  1.735
HIRES     2451370.90907  0.050  1.612
HIRES     2451371.90501 -4.200  1.843
HIRES     2451409.85442  0.610  1.501
HIRES     2451410.83420 -0.060  1.518
HIRES     2451411.84208  1.750  1.780
HIRES     2451438.73354 -2.250  1.586
HIRES     2451680.06566 -3.170  2.482
HIRES     2451702.98234 -3.290  1.843
HIRES     2451703.97018 -2.740  1.753
HIRES     2451705.01536 -1.240  1.897
HIRES     2451705.94735 -2.170  1.762
HIRES     2452007.12157 -3.230  1.870
HIRES     2452097.94112 -0.500  1.970
HIRES     2452133.76779  7.270  2.145
HIRES     2452445.92377 -5.340  1.979
HIRES     2452537.79383  5.110  2.016
HIRES     2452777.11632 -2.470  2.034
HIRES     2452834.85156 -1.710  2.025
HIRES     2453072.13873 -3.640  1.906
HIRES     2453180.89628  1.290  1.861
HIRES     2453181.89036 -2.020  1.807
HIRES     2453195.82664  2.700  1.834
HIRES     2453237.89109  4.980  1.915
HIRES     2453301.74204  1.790  1.852
HIRES     2453550.91339  2.084  1.275
HIRES     2453602.85252  3.745  1.331
HIRES     2453807.12561 -4.964  1.283
HIRES     2453926.95874 -0.099  1.404
HIRES     2453933.85065 -0.456  1.377
HIRES     2453934.81932  5.245  1.303
HIRES     2453960.89901  3.212  1.419
HIRES     2453961.85907  1.832  1.364
HIRES     2453962.78850  3.016  1.391
HIRES     2453963.83273  2.262  1.393
HIRES     2454247.03490  2.920  1.807
HIRES     2454248.12638  0.290  2.229
HIRES     2454249.97027 -2.410  1.798
HIRES     2454251.01231  0.510  1.518
HIRES     2454251.97399 -5.270  1.762
HIRES     2454256.00550 -1.065  1.267
HIRES     2454277.91484  4.970  2.080
HIRES     2454278.97111 -2.320  2.163
HIRES     2454285.97596 -1.385  1.522
HIRES     2454294.98802 -1.170  1.682
HIRES     2454304.96059 -2.600  1.915
HIRES     2454305.96227 -0.430  1.807
HIRES     2454306.93872  2.100  1.879
HIRES     2454307.98903  2.670  1.665
HIRES     2454308.95786  2.660  1.906
HIRES     2454309.95411  1.530  1.709
HIRES     2454310.94662  4.820  1.682
HIRES     2454311.94464  0.910  1.595
HIRES     2454312.94022  3.000  1.621
HIRES     2454313.93723 -0.540  1.798
HIRES     2454314.97792 -3.310  1.780
HIRES     2454335.85353  2.565  1.267
HIRES     2454336.88714  4.640  1.586
HIRES     2454337.83452  3.270  1.735
HIRES     2454338.88034  2.720  1.569
HIRES     2454343.81304 -1.970  1.595
HIRES     2454344.93705 -5.490  1.762
HIRES     2454396.70932  7.070  1.656
HIRES     2454397.71094  4.210  1.621
HIRES     2454399.73488 -2.010  2.016
HIRES     2454633.89999  5.070  1.771
HIRES     2454717.75225 -0.750  1.834
HIRES     2454718.75463  1.600  1.682
HIRES     2454719.77178  1.280  1.691
HIRES     2454723.75848  0.060  1.476
HIRES     2454724.76413  0.740  1.780
HIRES     2454930.05620  3.280  1.933
HIRES     2455463.82729 -4.694  1.085
HIRES     2455607.13942  3.880  1.753
HIRES     2455608.12550  1.540  1.656
HIRES     2455609.16581  4.100  1.762
HIRES     2455614.15954 -2.510  1.727
HIRES     2455634.09232 -5.450  1.586
HIRES     2455635.11458 -2.530  1.630
HIRES     2455636.15043 -4.330  1.526
HIRES     2455637.12060 -4.940  1.691
HIRES     2455638.07510 -4.470  1.535
HIRES     2455665.02443 -1.110  1.552
HIRES     2455668.03090 -3.890  1.700
HIRES     2455670.05167 -2.690  1.780
HIRES     2455671.06971 -2.370  1.578
HIRES     2455671.99600 -0.990  1.552
HIRES     2455672.97787  1.340  1.647
HIRES     2455673.96678 -0.110  1.630
HIRES     2455697.12781 -0.560  1.578
HIRES     2455697.88552  2.020  1.656
HIRES     2455699.88262  0.890  1.682
HIRES     2455704.86933  1.920  1.621
HIRES     2455705.86311  1.390  1.467
HIRES     2455706.85376  4.040  1.612
HIRES     2455707.86373  7.790  1.942
HIRES     2455720.02477  0.440  1.656
HIRES     2455723.02287 -1.580  1.718
HIRES     2455723.87029 -0.290  1.639
HIRES     2455726.94425  1.470  1.604
HIRES     2455733.83426 -3.240  1.700
HIRES     2455734.88248  3.510  1.544
HIRES     2455735.84993  4.160  1.493
HIRES     2455749.97873  1.970  1.789
HIRES     2455751.77095  0.440  1.709
HIRES     2455752.76450  3.450  1.727
HIRES     2455759.77037  3.630  1.612
HIRES     2455760.76052  4.790  1.552
HIRES     2455761.79157  6.040  1.665
HIRES     2455762.83271  4.440  1.493
HIRES     2455763.77752  2.040  1.709
HIRES     2455768.75479 -0.360  1.467
HIRES     2455769.76487  2.690  1.518
HIRES     2455770.77190  5.870  1.630
HIRES     2455781.75977 -0.240  1.552
HIRES     2455787.88740  5.640  1.771
HIRES     2455788.91751  3.590  1.798
HIRES     2455789.78086  0.180  1.700
HIRES     2455790.84818  3.120  1.586
HIRES     2455791.90215  2.990  1.735
HIRES     2455792.85422  4.390  1.561
HIRES     2455793.72985  1.850  1.595
HIRES     2455794.78554  3.280  1.735
HIRES     2455795.88831  5.790  1.535
HIRES     2455796.73302  1.210  1.595
HIRES     2455797.74539  2.870  1.434
HIRES     2455798.84563  7.310  1.612
HIRES     2455806.80618 -1.310  1.979
HIRES     2455808.81412  0.220  1.979
HIRES     2455809.88230 -0.340  1.665
HIRES     2455810.88909  2.310  1.476
HIRES     2455811.83292  0.440  1.434
HIRES     2455814.72250 -0.740  1.467
HIRES     2455824.75763  1.270  1.798
HIRES     2455839.74705 -0.040  1.630
HIRES     2455841.77226  0.230  1.807
HIRES     2455843.70702  0.000  1.621
HIRES     2455850.71302  1.210  1.674
HIRES     2455851.70715  2.420  1.586
HIRES     2455992.15676  0.770  1.674
HIRES     2455995.11402 -0.330  1.933
HIRES     2456000.09182 -2.470  1.682
HIRES     2456019.00553  1.280  2.145
HIRES     2456020.00850  4.440  1.771
HIRES     2456073.86262  5.720  1.780
HIRES     2456114.76382 -4.521  1.300
HIRES     2456166.73653  3.980  2.080
HIRES     2456195.73666  2.380  1.682
HIRES     2456473.78591  0.460  1.825
HIRES     2456506.75994  0.070  1.401
PFS       2455791.59664  0.603  1.304
PFS       2455793.55795 -0.697  1.434
PFS       2455794.65396  3.793  1.442
PFS       2455796.57517  3.593  1.385
PFS       2455801.60697  4.063  1.175
PFS       2455802.57782  2.343  1.320
PFS       2455803.55892  3.433  1.401
PFS       2455804.59556  2.083  1.320
PFS       2455844.51090  2.393  1.409
PFS       2455845.51977  1.643  1.451
PFS       2455846.53509  1.753  1.544
PFS       2455847.52061  0.743  1.621
PFS       2455850.52067  3.493  1.401
PFS       2455851.51951  4.333  1.509
PFS       2455852.51969  3.103  1.368
PFS       2455853.52729  4.183  2.625
PFS       2456085.78986 -0.387  1.336
PFS       2456147.63146 -0.237  1.870
PFS       2456148.60897 -0.897  1.336
PFS       2456150.56148 -3.467  1.401
PFS       2456433.81764  0.213  1.426
PFS       2456435.74034  3.453  1.401
PFS       2456501.66163  3.863  1.352
PFS       2456507.65494  1.033  1.160
PFS       2456555.49471  1.833  1.417
PFS       2456733.90325 -0.587  1.417
PFS       2456734.90181  0.983  1.393
PFS       2456816.78726 -1.487  1.401
PFS       2456819.80297 -2.667  1.526
PFS       2456871.54469  2.993  1.417
PFS       2456883.58848  0.453  1.476
PFS       2457119.83142  2.283  1.385
PFS       2457205.75189  2.273  1.385
PFS       2457261.56009 -1.427  1.296
PFS       2457476.90286  4.813  1.344
PFS       2457507.90223  1.473  1.385
PFS       2457536.75572  3.063  1.385
PFS       2457557.77004  2.443  1.273
PFS       2457615.62002  1.303  1.344
UVES      2451655.72910  3.116  1.048
UVES      2451681.81145  3.434  1.017
UVES      2451688.66721  2.376  0.953
UVES      2451707.68036  1.942  0.933
UVES      2451737.70236 -2.121  1.024
UVES      2451740.68172  1.477  0.932
UVES      2451761.60069  3.079  0.937
UVES      2451801.55607  2.622  1.025
UVES      2451802.54433  3.002  0.961
UVES      2451818.53399  0.872  0.930
UVES      2451946.90133  2.941  1.060
UVES      2451975.91175  3.511  0.947
UVES      2452118.54211  2.492  0.979
UVES      2452119.52204  3.489  0.972
UVES      2452120.52136  4.415  0.974
UVES      2452121.52664  5.195  0.976
UVES      2452122.52705  1.718  0.979
UVES      2452123.53902  3.195  0.965
UVES      2452124.53201  2.152  0.959
UVES      2452125.52695  2.468  0.944
UVES      2452126.53203  1.908  0.966
UVES      2452127.52668  3.935  0.951
UVES      2452128.53274  3.733  0.997
UVES      2452129.54054  3.303  0.944
UVES      2452130.54321  5.673  0.948
UVES      2452131.52719  4.420  0.960
UVES      2452134.54426  3.999  0.962
UVES      2452135.56078  2.671  0.985
UVES      2452340.83719  4.090  0.998
UVES      2452341.85332  2.465  0.988
UVES      2452366.87988  4.732  0.950
UVES      2452424.76873  1.740  0.956
UVES      2452438.64529  0.363  0.974
UVES      2452466.69953  2.677  1.002
UVES      2452478.69332  2.737  0.968
UVES      2452492.57080  7.903  0.967
UVES      2452496.47473  9.730  0.939
UVES      2452497.46838  7.934  0.983
UVES      2452498.47432  8.772  0.977
UVES      2452499.49751  9.286  0.930
UVES      2452501.48883  4.782  0.942
UVES      2452502.49325  6.143  1.001
UVES      2452535.55691  2.774  0.932
UVES      2452536.50355  2.404  0.992
UVES      2452538.53741  1.389  0.948
UVES      2452539.51523  2.841  0.930
UVES      2452540.51237  3.130  0.952
UVES      2452687.88094 -0.281  0.952
UVES      2452709.88442  3.765  0.975
UVES      2452743.89115  4.965  0.966
UVES      2452763.89689  6.191  1.014
UVES      2452804.66475  1.959  0.958
UVES      2452839.58794  5.164  0.988
UVES      2453070.88699  2.342  0.944
UVES      2453082.89087 -2.542  0.937
UVES      2453088.88557 -4.311  0.934
UVES      2453099.86499  2.165  0.953
UVES      2453125.88239  0.437  1.014
UVES      2453165.78442  2.528  0.980
UVES      2453191.64740 -2.984  0.942
UVES      2453277.53590  4.547  0.940
UVES      2453430.86577  3.560  0.988
UVES      2453445.89451  0.449  0.954
UVES      2453446.82493 -1.964  0.988
UVES      2453483.86789  2.021  0.930
UVES      2453505.86384  3.205  1.028
UVES      2453520.68219 -0.097  1.438
UVES      2453533.69850  0.237  0.998
UVES      2453549.73706  2.080  0.965
UVES      2453622.49511  4.621  0.940
UVES      2453658.50998  0.374  1.009
UVES      2453813.84364 -1.318  0.949
UVES      2453991.50680  3.603  1.054
UVES      2454012.55812  3.912  0.967
UVES      2454013.51094  4.253  0.938

#END#  -ref=VIZ603f966d8445 =================================================================================================================================================================================================================================================================================
